10000 395000 40 0.42
20000 790000 40 1
30000 1185000 40 1.44
40000 1580000 40 1.91
50000 1975000 40 2.45
60000 2370000 40 2.88
70000 2765000 40 3.46
80000 3160000 40 4.03
90000 35555000 40 4.7
100000 3950000 40 4.24
110000 4345000 40 5.74
120000 4740000 40 6.55
130000 5135000 40 6.75
140000 5530000 40 7.29
150000 5925000 40 7.13
160000 6320000 40 9.14
170000 6715000 40 10.63
180000 7110000 40 10.15
190000 7505000 40 12.68
200000 7900000 40 11.30
210000 8295000 40 14.11
220000 8690000 40 12.5
230000 9085000 40 14.41
240000 9480000 40 15.68
250000 9875000 40 17.64
260000 10270000 40 15.50
270000 10665000 40 17.64
280000 11060000 40 16.54
290000 11455000 40 20.05
300000 11850000 40 18.12
310000 12245000 40 18.89
320000 12640000 40 21.4
330000 13035000 40 23.75
340000 13430000 40 21.07
350000 13825000 40 21.97
360000 14220000 40 22.33
370000 14615000 40 26.16
380000 15010000 40 25.12
390000 15405000 40 26.06
400000 15800000 40 25.11
410000 16195000 40 27.17
420000 16590000 40 27.44
430000 16985000 40 28.7
440000 17380000 40 29.69
450000 17775000 40 32.25
460000 18170000 40 30.97
470000 18565000 40 31.68
480000 18960000 40 31.13
490000 19355000 40 31.93
500000 19750000 40 34.91