100 3950 40 0.003006
200 7900 40 0.005501
300 11850 40 0.008677
400 15800 40 0.012078
500 19750 40 0.014773
600 23700 40 0.018149
700 27650 40 0.022102
800 31600 40 0.026594
900 35550 40 0.031490
1000 39500 40 0.033739
1100 43450 40 0.035753
1200 47400 40 0.039356
1300 51350 40 0.043705
1400 55300 40 0.048076
1500 59250 40 0.048774
1600 63200 40 0.053956
1700 67150 40 0.056151
1800 71100 40 0.064255
1900 75050 40 0.067424
2000 79000 40 0.073997
2100 82950 40 0.075534
2200 86900 40 0.077303
2300 90850 40 0.079725
2400 94800 40 0.083196
2500 98750 40 0.086289
2600 102700 40 0.099931
2700 106650 40 0.095197
2800 110600 40 0.100045
2900 114550 40 0.107448
3000 118500 40 0.119316
3100 122450 40 0.113328
3200 126400 40 0.114527
3300 130350 40 0.122004
3400 134300 40 0.122971
3500 138250 40 0.124681
3600 142200 40 0.141573
3700 146150 40 0.137723
3800 150100 40 0.143753
3900 154050 40 0.142928
4000 158000 40 0.150414
4100 161950 40 0.150173
4200 165900 40 0.154449
4300 169850 40 0.160978
4400 173800 40 0.170141
4500 177750 40 0.171504
4600 181700 40 0.175566
4700 185650 40 0.167157
4800 189600 40 0.180926
4900 193550 40 0.182458
5000 197500 40 0.188695



