100 3950 40 0.00327126 
200 7900 40 0.00649311
300 11850 40 0.00912059 
400 15800 40 0.014592
500 19750 40 0.015468
600 23700 40 0.019776
700 27650 40 0.023088
800 31600 40 0.026929
900 35550 40 0.029562
1000 39500 40 0.032886
1100 43450 40 0.036635
1200 47400 40 0.040027
1300 51350 40 0.044955
1400 55300 40 0.049568
1500 59250 40 0.050842
1600 63200 40 0.058187
1700 67150 40 0.056712
1800 71100 40 0.076956
1900 75050 40 0.067822
2000 79000 40 0.075356
2100 82950 40 0.075967
2200 86900 40 0.079415
2300 90850 40 0.082803
2400 94800 40 0.085240
2500 98750 40 0.090030
2600 102700 40 0.097233
2700 106650 40 0.098471
2800 110600 40 0.099434
2900 114550 40 0.103731
3000 118500 40 0.108777
3100 122450 40 0.112300
3200 126400 40 0.116137
3300 130350 40 0.122582
3400 134300 40 0.125759
3500 138250 40 0.132368
3600 142200 40 0.135668
3700 146150 40 0.138767
3800 150100 40 0.147102
3900 154050 40 0.144497
4000 158000 40 0.156879
4100 161950 40 0.154019
4200 165900 40 0.154454
4300 169850 40 0.163778
4400 173800 40 0.171704
4500 177750 40 0.167965
4600 181700 40 0.176909
4700 185650 40 0.173448
4800 189600 40 0.185669
4900 193550 40 0.188759
5000 197500 40 0.196302
