100 3950 40 0.003293
200 7900 40 0.006147
300 11850 40 0.009562
400 15800 40 0.013984
500 19750 40 0.016936
600 23700 40 0.020289
700 27650 40 0.025191
800 31600 40 0.027387
900 35550 40 0.029570
1000 39500 40 0.031939
1100 43450 40 0.036546
1200 47400 40 0.042153
1300 51350 40 0.052436
1400 55300 40 0.048881
1500 59250 40 0.051366
1600 63200 40 0.054461
1700 67150 40 0.060617
1800 71100 40 0.068855
1900 75050 40 0.069121
2000 79000 40 0.083822
2100 82950 40 0.076900
2200 86900 40 0.080133
2300 90850 40 0.092472
2400 94800 40 0.088116
2500 98750 40 0.094903
2600 102700 40 0.114875
2700 106650 40 0.100271
2800 110600 40 0.103640
2900 114550 40 0.110449
3000 118500 40 0.113355
3100 122450 40 0.114656
3200 126400 40 0.113933
3300 130350 40 0.125164
3400 134300 40 0.139658
3500 138250 40 0.125170
3600 142200 40 0.158405
3700 146150 40 0.150094
3800 150100 40 0.151363
3900 154050 40 0.158326
4000 158000 40 0.195295
4100 161950 40 0.158875
4200 165900 40 0.153127
4300 169850 40 0.173797
4400 173800 40 0.164348
4500 177750 40 0.166358
4600 181700 40 0.171250
4700 185650 40 0.165438
4800 189600 40 0.186775
4900 193550 40 0.209231
5000 197500 40 0.210040
100 3950 40 0.003293
200 7900 40 0.006147
300 11850 40 0.009562
400 15800 40 0.013984
500 19750 40 0.016936
600 23700 40 0.020289
700 27650 40 0.025191
800 31600 40 0.027387
900 35550 40 0.029570
1000 39500 40 0.031939
1100 43450 40 0.036546
1200 47400 40 0.042153
1300 51350 40 0.052436
1400 55300 40 0.048881
1500 59250 40 0.051366
1600 63200 40 0.054461
1700 67150 40 0.060617
1800 71100 40 0.068855
1900 75050 40 0.069121
2000 79000 40 0.083822
2100 82950 40 0.076900
2200 86900 40 0.080133
2300 90850 40 0.092472
2400 94800 40 0.088116
2500 98750 40 0.094903
2600 102700 40 0.114875
2700 106650 40 0.100271
2800 110600 40 0.103640
2900 114550 40 0.110449
3000 118500 40 0.113355
3100 122450 40 0.114656
3200 126400 40 0.113933
3300 130350 40 0.125164
3400 134300 40 0.139658
3500 138250 40 0.125170
3600 142200 40 0.158405
3700 146150 40 0.150094
3800 150100 40 0.151363
3900 154050 40 0.158326
4000 158000 40 0.195295
4100 161950 40 0.158875
4200 165900 40 0.153127
4300 169850 40 0.173797
4400 173800 40 0.164348
4500 177750 40 0.166358
4600 181700 40 0.171250
4700 185650 40 0.165438
4800 189600 40 0.186775
4900 193550 40 0.209231
5000 197500 40 0.210040
