100 3950 40 0.003058
200 7900 40 0.005741
300 11850 40 0.009618
400 15800 40 0.011617
500 19750 40 0.014555
600 23700 40 0.017897
700 27650 40 0.021917
800 31600 40 0.027275
900 35550 40 0.030394
1000 39500 40 0.033843
1100 43450 40 0.037399
1200 47400 40 0.041111
1300 51350 40 0.044264
1400 55300 40 0.047825
1500 59250 40 0.051421
1600 63200 40 0.054585
1700 67150 40 0.059491
1800 71100 40 0.065872
1900 75050 40 0.063785
2000 79000 40 0.077025
2100 82950 40 0.074620
2200 86900 40 0.079786
2300 90850 40 0.078783
2400 94800 40 0.082488
2500 98750 40 0.087746
2600 102700 40 0.099888
2700 106650 40 0.095745
2800 110600 40 0.101327
2900 114550 40 0.114811
3000 118500 40 0.104549
3100 122450 40 0.112586
3200 126400 40 0.121594
3300 130350 40 0.125699
3400 134300 40 0.129003
3500 138250 40 0.131342
3600 142200 40 0.142416
3700 146150 40 0.147878
3800 150100 40 0.170508
3900 154050 40 0.158556
4000 158000 40 0.162342
4100 161950 40 0.150858
4200 165900 40 0.153103
4300 169850 40 0.159954
4400 173800 40 0.165801
4500 177750 40 0.178650
4600 181700 40 0.171070
4700 185650 40 0.171780
4800 189600 40 0.179098
4900 193550 40 0.182039
5000 197500 40 0.189617