100 3950 40 0.002567
200 7900 40 0.005188
300 11850 40 0.009089
400 15800 40 0.012496
500 19750 40 0.014206
600 23700 40 0.019417
700 27650 40 0.022184
800 31600 40 0.025662
900 35550 40 0.028410
1000 39500 40 0.033507
1100 43450 40 0.037483
1200 47400 40 0.039806
1300 51350 40 0.045313
1400 55300 40 0.047225
1500 59250 40 0.048542
1600 63200 40 0.053368
1700 67150 40 0.057819
1800 71100 40 0.064811
1900 75050 40 0.066295
2000 79000 40 0.073171
2100 82950 40 0.075679
2200 86900 40 0.079619
2300 90850 40 0.079605
2400 94800 40 0.081720
2500 98750 40 0.088502
2600 102700 40 0.095499
2700 106650 40 0.098353
2800 110600 40 0.101481
2900 114550 40 0.102672
3000 118500 40 0.105893
3100 122450 40 0.113796
3200 126400 40 0.118979
3300 130350 40 0.133317
3400 134300 40 0.120334
3500 138250 40 0.133882
3600 142200 40 0.141560
3700 146150 40 0.134277
3800 150100 40 0.148848
3900 154050 40 0.142037
4000 158000 40 0.153670
4100 161950 40 0.152977
4200 165900 40 0.148794
4300 169850 40 0.158885
4400 173800 40 0.179921
4500 177750 40 0.165382
4600 181700 40 0.176690
4700 185650 40 0.169902
4800 189600 40 0.180243
4900 193550 40 0.183511
5000 197500 40 0.189654
